%YAML:1.0
---
calibration_time: "Tue May  8 22:14:49 2018"
nframes: 20
image_width: 1024
image_height: 768
board_width: 7
board_height: 5
square_size: 2.9999999329447746e-02
aspectRatio: 1.
flags: 2
camera_matrix: !!opencv-matrix
   rows: 3
   cols: 3
   dt: d
   data: [ 8.9302897857435369e+02, 0., 5.4417475364753705e+02, 0.,
       8.9302897857435369e+02, 3.5649277400504093e+02, 0., 0., 1. ]
distortion_coefficients: !!opencv-matrix
   rows: 5
   cols: 1
   dt: d
   data: [ 1.3486136720053646e-03, -7.0510152416880939e-02,
       -1.6259698292359079e-03, 7.8150192551566765e-03,
       1.4245856520143318e-01 ]
avg_reprojection_error: 3.6348754899156499e-01
per_view_reprojection_errors: !!opencv-matrix
   rows: 20
   cols: 1
   dt: f
   data: [ 2.67447442e-01, 3.99733722e-01, 3.16066086e-01,
       3.96406174e-01, 2.44602486e-01, 2.43682534e-01, 4.05471921e-01,
       5.73103011e-01, 3.81290257e-01, 3.49780411e-01, 3.36835802e-01,
       2.63536423e-01, 3.74614000e-01, 3.17396760e-01, 3.89158100e-01,
       2.00810835e-01, 4.71815646e-01, 3.97067547e-01, 2.74012685e-01,
       4.50785667e-01 ]
extrinsic_parameters: !!opencv-matrix
   rows: 20
   cols: 6
   dt: d
   data: [ 5.2434926414474260e-02, 5.7297828525268546e-02,
       2.1669139325513329e-02, -8.3010233253298524e-02,
       -1.2280799760964263e-01, 6.3882056625582939e-01,
       4.7236610119270432e-02, 5.1606948920547058e-01,
       -1.8171715210465979e-02, -5.6690896342629422e-02,
       -1.2668450074701793e-01, 6.8747696747310361e-01,
       4.7934279891082364e-02, -3.6172508967560824e-01,
       -2.6145559391819643e-04, -4.8832210792393888e-02,
       -1.3448866699573761e-01, 6.5389470421594287e-01,
       -3.8981597704514298e-01, 2.8911872551696371e-02,
       9.3664506011422122e-02, -6.3434968003275374e-02,
       -1.3198254967308076e-01, 6.8008228440531482e-01,
       1.7368164213171658e-01, 9.7331059432247471e-02,
       3.6806785292390495e-02, -7.0612824499136528e-02,
       -8.8191318664571375e-02, 6.4506303842610702e-01,
       1.8812357199506281e-02, 1.2191042080064514e-01,
       5.0660107550577628e-02, 5.9421880227225929e-02,
       -1.2228650140551607e-01, 6.6669293264385032e-01,
       -3.8322867892555783e-02, 3.2655520517578740e-01,
       -3.2259059783617962e-02, -2.0338877642587805e-01,
       -1.1159781931372283e-01, 7.2065935374717782e-01,
       -3.8340652498664107e-01, 3.7459299710853861e-01,
       6.2968708830411238e-02, -1.8490389580360125e-01,
       -1.4381053612759689e-01, 7.2487854163714882e-01,
       -3.9089828578294676e-02, 1.4977373883731521e-01,
       -1.8061999376211963e-02, -8.6847815175882276e-02,
       -7.0430024372702640e-02, 4.5314661406110840e-01,
       -1.3140452415713838e-01, 7.0574260359976992e-02,
       2.6703302661197706e-02, -2.9875000796751230e-02,
       -1.7667423325975612e-01, 6.4395101910988373e-01,
       -9.9053889320335486e-02, 3.9732811307782424e-02,
       3.2335439000494376e-02, 6.7664432909117694e-02,
       -1.8807605272590758e-01, 6.4478868808977863e-01,
       -1.2679615861292678e-01, -8.6004935235412319e-02,
       -5.9069689448149207e-02, -2.2403403699429092e-01,
       -2.0186514119510085e-01, 7.2762845354952965e-01,
       -6.1080418368170061e-02, 1.2383280331262926e-01,
       -1.5337823821462144e-02, -2.5962899613216150e-01,
       -1.6682260503281615e-01, 7.6150249854519381e-01,
       -8.3309070886014747e-02, 2.0923226009850882e-01,
       5.2569818071465700e-04, -2.0508311335211485e-01,
       -3.3646157557808178e-02, 7.3035039925131862e-01,
       -8.0570991540311859e-02, 2.2165289656111362e-01,
       1.0142935870067166e-02, -2.6082000846372949e-01,
       -1.0611115910427259e-02, 7.5124658432848768e-01,
       -7.3712320024849856e-02, 2.3806741780299356e-01,
       1.3974248321796917e-02, 1.0037576136756647e-01,
       -2.1120561420730273e-02, 7.4166915605185690e-01,
       -4.3494530721893343e-01, 1.2760975202612973e-01,
       1.0619280392327936e-01, 2.5918930375333785e-02,
       -3.7490320863222251e-02, 5.8488132426346184e-01,
       -3.2948454503902387e-02, 2.9305216677226215e-01,
       -2.3358977112947557e-02, -1.2185784822510183e-01,
       -3.6482690179788960e-02, 6.0348370825774000e-01,
       -4.0403634735199895e-02, -2.9412977124516293e-01,
       -6.6298980130974960e-02, -6.0281832892684142e-02,
       -7.7477267278719564e-02, 5.9649291854226694e-01,
       -4.0816660855965116e-02, 5.7450848980543712e-01,
       4.8256665888069421e-02, -2.7750388012218675e-02,
       -9.2333357910587388e-02, 6.4166310446344199e-01 ]
