%YAML:1.0
---
calibration_time: "Tue May  8 22:22:33 2018"
nframes: 20
image_width: 1024
image_height: 768
board_width: 7
board_height: 5
square_size: 2.9999999329447746e-02
aspectRatio: 1.
flags: 2
camera_matrix: !!opencv-matrix
   rows: 3
   cols: 3
   dt: d
   data: [ 9.0640152601719899e+02, 0., 5.1621952798948917e+02, 0.,
       9.0640152601719899e+02, 3.6750634450010864e+02, 0., 0., 1. ]
distortion_coefficients: !!opencv-matrix
   rows: 5
   cols: 1
   dt: d
   data: [ -2.4906538695063506e-02, 1.0496331087159576e-01,
       -1.3564202717864043e-03, 7.3222370904664083e-03,
       -2.1461371239062055e-01 ]
avg_reprojection_error: 3.4264298386617453e-01
per_view_reprojection_errors: !!opencv-matrix
   rows: 20
   cols: 1
   dt: f
   data: [ 2.66905785e-01, 4.21601981e-01, 2.89671361e-01,
       5.53665698e-01, 2.44954214e-01, 2.40342200e-01, 3.94924313e-01,
       2.52627939e-01, 3.71124417e-01, 2.16995373e-01, 2.44142309e-01,
       3.11259687e-01, 2.15152964e-01, 2.68287301e-01, 1.78892627e-01,
       2.53880024e-01, 4.94358867e-01, 4.10471618e-01, 3.28993350e-01,
       5.42162299e-01 ]
extrinsic_parameters: !!opencv-matrix
   rows: 20
   cols: 6
   dt: d
   data: [ -5.8727451873508973e-02, 7.0717821677597506e-02,
       2.6045701097859998e-03, -7.0419940106893772e-02,
       -1.2837295743882901e-01, 6.9147349873429842e-01,
       6.2484015181728067e-02, 5.4871995225365200e-01,
       -2.3372822207191352e-03, -5.0971675922144653e-02,
       -1.1459133282721970e-01, 7.1454908021284291e-01,
       1.6511947806951879e-02, -3.8053166247483100e-01,
       8.3950827016595050e-02, -5.7322026942990364e-02,
       -1.3685877934841015e-01, 6.7740943661119657e-01,
       -5.2881744749248283e-01, 5.5350142531582172e-02,
       5.9237195796219597e-02, -6.3830822896206160e-02,
       -1.3686170562023542e-01, 6.8813890724275228e-01,
       1.8229868838306992e-01, 1.4386607711052263e-01,
       -8.2449292737266811e-02, -6.2265852731643437e-02,
       -7.6682851673329971e-02, 6.5121684631460675e-01,
       1.0135317731859173e-01, 3.9109055432014879e-02,
       -8.3883994876583018e-02, 9.9285543675970492e-02,
       -1.2278370778884634e-01, 6.6922235155465559e-01,
       -2.3711594504914885e-01, 4.9547838258266967e-02,
       -7.2064079870676936e-02, 9.4320287269867492e-02,
       -1.7393944942005926e-01, 6.8183514857509231e-01,
       -1.2622021382023502e-01, -1.4789180232207049e-02,
       -4.5136133459308773e-02, 6.9284171774320710e-02,
       -3.3986193240492346e-02, 6.6418795581342027e-01,
       -3.8408940297394292e-02, 5.4652890505532459e-01,
       -5.3268324329641695e-02, 2.1339898350399296e-02,
       -4.1268901958121836e-02, 7.1747265315507225e-01,
       -5.7543945258785235e-02, 6.4379767226790926e-03,
       -9.9621098808779548e-02, -1.9673671596530379e-01,
       -1.6788817270658524e-02, 6.9229368572036309e-01,
       -4.7845425496070980e-02, -6.8482481862554470e-02,
       -1.0864424596429970e-01, -1.6023916899748009e-01,
       -1.6175602461680791e-01, 6.8074039029689470e-01,
       -2.9508972389831967e-02, 6.7498195598273691e-02,
       -1.1269923758244363e-01, -2.1903528626457738e-01,
       -1.7641448508682017e-01, 7.4030792140606272e-01,
       -5.8380921434607928e-02, 7.5800854287172897e-02,
       -1.5238081723207626e-02, -1.2945480890239067e-01,
       -2.0206322963398418e-01, 8.9112006631648177e-01,
       -7.1739285809610731e-03, 4.5893389526339860e-02,
       -2.9335418574686342e-02, -1.1764441153512628e-01,
       -6.7427952860905319e-02, 5.6820072727936211e-01,
       5.4589550069885737e-02, -9.0311786025384463e-02,
       4.4891209865267523e-01, -4.8907644658649579e-02,
       -9.8074143960760113e-02, 5.7812762236455184e-01,
       -1.2049146076187028e-01, 1.4894794575783873e-01,
       -4.7983551003730279e-01, -1.1668754215490867e-01,
       -4.1548217131552274e-02, 6.2948301040380794e-01,
       -4.6677841887253890e-01, 5.9527421720351040e-02,
       1.9895833082329973e-03, -8.1235402525206862e-02,
       -8.3369076579063131e-02, 6.3867540429275682e-01,
       -1.7223663983602439e-01, 2.3243164192543436e-01,
       -1.6225692851597756e-01, -2.0032008915405139e-01,
       -3.5776562258543060e-02, 6.9499278088109384e-01,
       -1.2356230676921545e-01, -2.0855168798207516e-01,
       1.4956387804585822e-01, 2.2492920802691645e-02,
       -1.3510401476351491e-01, 6.5700082753501898e-01,
       -4.9952790940668318e-01, -1.6858984003187874e-01,
       6.3598832830605675e-02, 1.0495802004012301e-02,
       -1.6377691275691864e-01, 6.8706430844129374e-01 ]
